0.0000000000E+00
0.5000000000E+02
0.1000000000E+03
0.1500000000E+03
0.2000000000E+03
0.2500000000E+03
0.3000000000E+03
0.3500000000E+03
0.4000000000E+03
0.4500000000E+03
0.5000000000E+03
0.5500000000E+03
0.6000000000E+03
0.6500000000E+03
0.7000000000E+03
0.7500000000E+03
0.8000000000E+03
0.8500000000E+03
0.9000000000E+03
0.9500000000E+03
0.1000000000E+04
0.1050000000E+04
0.1100000000E+04
0.1150000000E+04
0.1200000000E+04
0.1250000000E+04
0.1300000000E+04
0.1350000000E+04
0.1400000000E+04
0.1450000000E+04
0.1500000000E+04
0.1550000000E+04
0.1600000000E+04
0.1650000000E+04
0.1700000000E+04
0.1750000000E+04
0.1800000000E+04
0.1850000000E+04
0.1900000000E+04
0.1950000000E+04
0.2000000000E+04
0.2050000000E+04
0.2100000000E+04
0.2150000000E+04
0.2200000000E+04
0.2250000000E+04
0.2300000000E+04
0.2350000000E+04
0.2400000000E+04
0.2450000000E+04
0.2500000000E+04
0.2550000000E+04
0.2600000000E+04
0.2650000000E+04
0.2700000000E+04
0.2750000000E+04
0.2800000000E+04
0.2850000000E+04
0.2900000000E+04
0.2950000000E+04
0.3000000000E+04
0.3050000000E+04
0.3100000000E+04
0.3150000000E+04
0.3200000000E+04
0.3250000000E+04
0.3300000000E+04
0.3350000000E+04
0.3400000000E+04
0.3450000000E+04
0.3500000000E+04
0.3550000000E+04
0.3600000000E+04
0.3650000000E+04
0.3700000000E+04
0.3750000000E+04
0.3800000000E+04
0.3850000000E+04
0.3900000000E+04
0.3950000000E+04
0.4000000000E+04
0.4050000000E+04
0.4100000000E+04
0.4150000000E+04
0.4200000000E+04
0.4250000000E+04
0.4350000000E+04
0.4450000000E+04
0.4550000000E+04
0.4650000000E+04
0.4750000000E+04
0.4850000000E+04
0.4950000000E+04
0.5050000000E+04
0.5150000000E+04
0.5250000000E+04
0.5350000000E+04
0.5450000000E+04
0.5550000000E+04
0.5650000000E+04
0.5750000000E+04
0.5850000000E+04
0.5950000000E+04
0.6050000000E+04
0.6150000000E+04
0.6250000000E+04
0.6350000000E+04
0.6450000000E+04
0.6550000000E+04
0.6650000000E+04
0.6750000000E+04
0.6850000000E+04
0.6950000000E+04
0.7050000000E+04
0.7150000000E+04
0.7250000000E+04
0.7350000000E+04
0.7450000000E+04
0.7550000000E+04
0.7650000000E+04
0.7750000000E+04
0.7850000000E+04
0.7950000000E+04
0.8050000000E+04
0.8150000000E+04
0.8250000000E+04
0.8350000000E+04
0.8450000000E+04
0.8550000000E+04
0.8650000000E+04
0.8750000000E+04
0.8850000000E+04
0.8950000000E+04
0.9050000000E+04
0.9150000000E+04
0.9250000000E+04
0.9350000000E+04
0.9450000000E+04
0.9550000000E+04
0.9650000000E+04
0.9750000000E+04
0.9850000000E+04
0.9950000000E+04
0.1005000000E+05
0.1015000000E+05
0.1025000000E+05
0.1035000000E+05
0.1045000000E+05
0.1055000000E+05
0.1065000000E+05
0.1075000000E+05
0.1085000000E+05
0.1095000000E+05
0.1105000000E+05
0.1115000000E+05
0.1125000000E+05
0.1135000000E+05
0.1145000000E+05
0.1155000000E+05
0.1165000000E+05
0.1175000000E+05
0.1185000000E+05
0.1195000000E+05
0.1205000000E+05
