0
46.455
92.91
139.365
185.82
232.275
278.73
325.185
371.64
418.095
464.55
511.005
557.46
603.915
650.37
696.825
743.28
789.735
836.19
882.645
929.1
975.555
1022.01
1068.47
1114.92
1161.38
1207.83
1254.29
1300.74
1347.2
1393.65
1440.11
1486.56
1533.02
1579.47
1625.92
1672.38
1718.84
1765.29
1811.75
1858.2
1904.65
1951.11
1997.57
2044.02
2090.47
2136.93
2183.39
2229.84
2276.3
2322.75
2369.2
2415.66
2462.12
2508.57
2555.03
2601.48
2647.93
2694.39
2740.85
2787.3
2833.76
2880.21
2926.66
2973.12
3019.58
3066.03
3112.49
3158.94
3205.39
3251.85
3298.31
3344.76
3391.22
3437.67
3484.12
3530.58
3577.04
3623.49
3669.95
3716.4
3762.86
3809.31
3855.77
3902.22
3948.68
4041.59
4134.49
4227.4
4320.32
4413.23
4506.14
4599.05
4691.95
4784.86
4877.78
4970.69
5063.6
5156.51
5249.41
5342.32
5435.24
5528.15
5621.06
5713.97
5806.88
5899.78
5992.7
6085.61
6178.52
6271.43
6364.34
6457.24
6550.16
6643.07
6735.98
6828.89
6921.8
7014.7
7107.62
7200.53
7293.44
7386.35
7479.26
7572.16
7665.08
7757.99
7850.9
7943.81
8036.72
8129.62
8222.53
8315.44
8408.35
8501.27
8594.18
8687.09
8780
8872.91
8965.82
9058.73
9151.64
9244.55
9337.45
9430.36
9523.27
9616.18
9709.1
9802.01
9894.92
9987.83
10080.7
10173.6
10266.6
10359.5
10452.4
10545.3
10638.2
10731.1
10824
10916.9
11009.8
11102.7
11195.7
