0.0,0.0
100.0,0.0005422485818445894
200.0,0.0006291988000278613
300.0,0.0006989965230006943
400.0,0.0007652540846507714
500.0,0.0008303100562095393
600.0,0.0008946907098319987
700.0,0.0009587221519086474
800.0,0.001022663393048786
900.0,0.0010867150172677589
1000.0,0.001151036115741856
1100.0,0.0012157377589821427
1200.0,0.0012809212993954164
1300.0,0.0013466345637618
1400.0,0.0014129134962662885
1500.0,0.0014798028769416995
1600.0,0.001547311029484519
1700.0,0.001615455684767162
1800.0,0.0016842600764858395
1900.0,0.0017537570540840993
2000.0,0.0018239653555952382
2100.0,0.0018948806602173444
2200.0,0.0019665353028770222
2300.0,0.0020389065952966666
2400.0,0.0021120115312684034
2500.0,0.0021858348211604385
2600.0,0.0022603808361049992
2700.0,0.002335646789370403
2800.0,0.0024116361900068085
2900.0,0.002488352850205238
3000.0,0.0025657824264223757
3100.0,0.0026439464238852983
3200.0,0.0027228388553194025
3300.0,0.0028024437406636332
3400.0,0.002882768038410775
3500.0,0.002963792106729965
3600.0,0.00304548165954493
3700.0,0.0031278263985483478
3800.0,0.0032107905304178054
3900.0,0.003294339934508855
4000.0,0.0033784167003392714
4100.0,0.003462984780782731
4200.0,0.003547984474062828
4300.0,0.003633382179183317
4400.0,0.003719086694843037
4500.0,0.0038050691356778087
4600.0,0.0038912642014801465
4700.0,0.003977624595371926
4800.0,0.004064117418578871
4900.0,0.004150666932342064
5000.0,0.004237266528268439
5100.0,0.004323861047286412
5200.0,0.004410428278479573
5300.0,0.004496935014678075
5400.0,0.004583341639509192
5500.0,0.004669609797061209
5600.0,0.004755699903756159
5700.0,0.004841561918006713
5800.0,0.004927137586112535
5900.0,0.005012363935771111
6000.0,0.005097163545128768
6100.0,0.0051814556814557084
6200.0,0.005265150074655451
6300.0,0.005348154415575331
6400.0,0.005430370490187707
6500.0,0.00551169377270152
6600.0,0.005592018230767245
6700.0,0.00567123521957653
6800.0,0.00574923765861017
6900.0,0.005825905487165685
7000.0,0.005901121702563986
7100.0,0.00597475986870423
7200.0,0.006046700808731902
7300.0,0.006116816257829222
7400.0,0.006184971263930626
7500.0,0.006251043860624099
7600.0,0.0063149143903981665
7700.0,0.0063764648999311314
7800.0,0.006435591060926702
7900.0,0.0064921942250327404
8000.0,0.006546197887567258
8100.0,0.006597537649415472
8200.0,0.006646159617011064
8300.0,0.006692036736850773
8400.0,0.00673515471731761
8500.0,0.006775512393244469
8600.0,0.006813133689283103
8700.0,0.0068480521048349735
8800.0,0.006880321027711408
8900.0,0.006910004622415277
9000.0,0.00693718454903618
9100.0,0.006961952212025486
9200.0,0.00698440913570945
9300.0,0.007004667106036144
9400.0,0.0070228440206611415
9500.0,0.007039062951237243
9600.0,0.007053452265565812
9700.0,0.007066142400951959
9800.0,0.007077266158393605
9900.0,0.007086956140677648
10000.0,0.007095344779633463
10100.0,0.0071025621023303375
10200.0,0.0071087343019966024
10300.0,0.007113982448771609
10400.0,0.007118420687610068
10500.0,0.0071221550949049995
10600.0,0.007125282715129678
10700.0,0.007127891060407841
10800.0,0.0071300580802417315
10900.0,0.0071318523001168855
11000.0,0.007133333392159864
11100.0,0.007134552764201901
11200.0,0.007135554360694457
11300.0,0.007136375450594024
11400.0,0.0071370474089077285
11500.0,0.007137596532624586
11600.0,0.007138044719319382
11700.0,0.007138410139929821
11800.0,0.007138707827687296
11900.0,0.007138950147910804
12000.0,0.007139147287255728
0.0,0.0
100.0,0.0005868267830942418
200.0,0.0006805029630401966
300.0,0.0007536861292134226
400.0,0.0008225522010897792
500.0,0.0008897152902364192
600.0,0.0009558092328550297
700.0,0.0010212334968776734
800.0,0.0010863067047399667
900.0,0.0011512795341322626
1000.0,0.0012163570484523083
1100.0,0.001281690652821116
1200.0,0.0013474245676577984
1300.0,0.0014136385635189898
1400.0,0.0014803991319910813
1500.0,0.0015477853607829715
1600.0,0.0016158283111951692
1700.0,0.0016845650991933817
1800.0,0.0017540325799366245
1900.0,0.0018242742473791938
2000.0,0.001895313172465375
2100.0,0.0019671436963196237
2200.0,0.00203980865017067
2300.0,0.002113282962000463
2400.0,0.002187592499448312
2500.0,0.0022627217735679294
2600.0,0.0023386779463529447
2700.0,0.002415456420731448
2800.0,0.0024930569150624403
2900.0,0.0025714757729315986
3000.0,0.0026506829912376685
3100.0,0.0027306900617437998
3200.0,0.0028114720020343165
3300.0,0.0028929904947018353
3400.0,0.0029752371971126213
3500.0,0.003058173755029215
3600.0,0.0031417490175048254
3700.0,0.0032259477939579682
3800.0,0.003310730281004047
3900.0,0.00339606519913911
4000.0,0.0034818982119153028
4100.0,0.0035682066588726895
4200.0,0.00365494258848651
4300.0,0.0037420917946049143
4400.0,0.0038295702021305406
4500.0,0.003917367348812447
4600.0,0.004005424920405821
4700.0,0.00409370059711221
4800.0,0.004182162324397305
4900.0,0.00427071818581988
5000.0,0.004359351020568319
5100.0,0.004447977445792195
5200.0,0.004536547314210299
5300.0,0.004624993244483992
5400.0,0.0047132388239484345
5500.0,0.004801210111445318
5600.0,0.00488883467272555
5700.0,0.004976031995585517
5800.0,0.00506271716022149
5900.0,0.005148805391712352
6000.0,0.005234200760318429
6100.0,0.005318808719782646
6200.0,0.005402528125669748
6300.0,0.00548525882504777
6400.0,0.005566896284047986
6500.0,0.005647330484751096
6600.0,0.005726451090547698
6700.0,0.0058041462462413785
6800.0,0.005880307455175931
6900.0,0.005954814184474861
7000.0,0.006027551666386367
7100.0,0.006098397715304242
7200.0,0.006167240907476261
7300.0,0.006233963480946449
7400.0,0.006298444592994136
7500.0,0.006360581130387855
7600.0,0.006420276470586805
7700.0,0.006477439724861485
7800.0,0.0065319972807021676
7900.0,0.0065838838075446505
8000.0,0.006633057607648057
8100.0,0.006679489303778539
8200.0,0.006723159405073248
8300.0,0.006764073708492673
8400.0,0.006802249199267614
8500.0,0.006837714796067213
8600.0,0.0068705228214515565
8700.0,0.00690073447850673
8800.0,0.006928429205355663
8900.0,0.006953696014658897
9000.0,0.006976638915913923
9100.0,0.006997369680690815
9200.0,0.007016007914918584
9300.0,0.007032680729724704
9400.0,0.007047518826157595
9500.0,0.007060655124536801
9600.0,0.007072224069308286
9700.0,0.007082358268841975
9800.0,0.007091188009256615
9900.0,0.007098838909213105
10000.0,0.007105431874663983
10100.0,0.007111081750592433
10200.0,0.007115896834602271
10300.0,0.007119978598136878
10400.0,0.007123421020504357
10500.0,0.007126310285326429
10600.0,0.007128724492142763
10700.0,0.007130733564428641
10800.0,0.007132399429591313
10900.0,0.007133776259346971
11000.0,0.007134911010919241
11100.0,0.00713584396262413
11200.0,0.007136609402974236
11300.0,0.00713723629545376
11400.0,0.007137748935173547
11500.0,0.007138167619921779
11600.0,0.0071385092009478715
11700.0,0.007138787626615727
11800.0,0.007139014412862363
11900.0,0.007139199012800948
12000.0,0.007139349204914661
0.0,0.0
100.0,0.0006399514501230641
200.0,0.0007447942866345641
300.0,0.0008246054889805005
400.0,0.0008997537690960727
500.0,0.0009730603597744135
600.0,0.0010451942084624838
700.0,0.0011165717890441193
800.0,0.0011875311321234213
900.0,0.0012583352113973716
1000.0,0.0013292044770102792
1100.0,0.0014002983366164336
1200.0,0.001471789513768758
1300.0,0.0015437634113317652
1400.0,0.0016162985736643154
1500.0,0.0016895018158017093
1600.0,0.001763403186765111
1700.0,0.0018380408435944788
1800.0,0.0019134504994518023
1900.0,0.0019896792738310653
2000.0,0.0020667460945754494
2100.0,0.0021446310751721755
2200.0,0.002223395440156668
2300.0,0.0023029967472803017
2400.0,0.0023834700535694388
2500.0,0.002464783263224038
2600.0,0.002546934459640412
2700.0,0.0026298999851330305
2800.0,0.002713660005941905
2900.0,0.0027981883429924054
3000.0,0.00288341959631337
3100.0,0.002969351675279667
3200.0,0.0030559302875049514
3300.0,0.003143084162848853
3400.0,0.0032307889319364486
3500.0,0.0033189793149640146
3600.0,0.0034075739480981197
3700.0,0.0034965452278944834
3800.0,0.0035858315440487464
3900.0,0.0036753841673053057
4000.0,0.003765122791624506
4100.0,0.003855012845519322
4200.0,0.003944985804930814
4300.0,0.004035021477307594
4400.0,0.004125005152678911
4500.0,0.004214925191395735
4600.0,0.004304706867587607
4700.0,0.0043942992386502774
4800.0,0.004483667474058792
4900.0,0.004572699421044833
5000.0,0.0046613849045105404
5100.0,0.004749629024813898
5200.0,0.00483738284360814
5300.0,0.004924577239412222
5400.0,0.0050111332869274185
5500.0,0.005096977044121679
5600.0,0.005182037986042743
5700.0,0.005266236985989911
5800.0,0.005349491474211398
5900.0,0.005431721460951346
6000.0,0.005512836104246436
6100.0,0.005592749062831275
6200.0,0.005671368688376179
6300.0,0.005748606605479117
6400.0,0.005824371001422957
6500.0,0.005898565192080089
6600.0,0.005971093439733075
6700.0,0.006041859587471915
6800.0,0.006110772547399719
6900.0,0.0061777300266390115
7000.0,0.006242638286454243
7100.0,0.006305398530494722
7200.0,0.00636592607945144
7300.0,0.006424132837007441
7400.0,0.006479931117847706
7500.0,0.006533254057395335
7600.0,0.00658404386060251
7700.0,0.006632250857509029
7800.0,0.006677844022958862
7900.0,0.006720802005076993
8000.0,0.006761126615338551
8100.0,0.00679883153831713
8200.0,0.006833939625843268
8300.0,0.006866495561141942
8400.0,0.0068965528407633645
8500.0,0.006924174271407455
8600.0,0.006949441253946097
8700.0,0.006972441572618366
8800.0,0.006993276788900806
8900.0,0.007012054981067669
9000.0,0.00702889445550988
9100.0,0.0070439176305000985
9200.0,0.007057250689796344
9300.0,0.007069022809598303
9400.0,0.007079362928815215
9500.0,0.007088398446525477
9600.0,0.00709625444415236
9700.0,0.00710305107581137
9800.0,0.007108903025719463
9900.0,0.007113917746523633
10000.0,0.0071181953840451905
10100.0,0.007121827954152671
10200.0,0.0071248992896909774
10300.0,0.007127485282504029
10400.0,0.007129653975381685
10500.0,0.007131465935787642
10600.0,0.007132974628592847
10700.0,0.007134226849518924
10800.0,0.007135263264955248
10900.0,0.0071361188931495295
11000.0,0.007136823708962176
11100.0,0.007137403165139452
11200.0,0.00713787876284617
11300.0,0.007138268556501218
11400.0,0.007138587624474972
11500.0,0.007138848528874967
11600.0,0.007139061676873462
11700.0,0.007139235674637355
11800.0,0.007139377626138145
11900.0,0.007139493361615465
12000.0,0.007139587684519804
0.0,0.0
100.0,0.0006709692811159388
200.0,0.0007997145447075067
300.0,0.0008929943579267798
400.0,0.0009809523786809778
500.0,0.0010667534525427506
600.0,0.0011510953599711497
700.0,0.0012344184117903882
800.0,0.0013170922887356497
900.0,0.0013993981149473173
1000.0,0.0014815794859052362
1100.0,0.0015638019436464336
1200.0,0.0016462786077820779
1300.0,0.0017290863815896719
1400.0,0.0018123036361224597
1500.0,0.0018960667100406771
1600.0,0.0019803853136209264
1700.0,0.0020652868470250555
1800.0,0.0021507969838822413
1900.0,0.0022369624193170805
2000.0,0.00232378445216631
2100.0,0.0024112018948428734
2200.0,0.0024992916275540975
2300.0,0.002587959233225774
2400.0,0.0026772392548743812
2500.0,0.002767057394072962
2600.0,0.00285739157648718
2700.0,0.0029481895977204633
2800.0,0.0030394115308255546
2900.0,0.0031310142987877967
3000.0,0.0032228993123100415
3100.0,0.0033150755232514042
3200.0,0.0034074750478285945
3300.0,0.003500007441510936
3400.0,0.0035926607782970255
3500.0,0.0036853608295746667
3600.0,0.003778010203626639
3700.0,0.0038705965068838552
3800.0,0.003963054659217082
3900.0,0.004055338751917658
4000.0,0.004147354910582
4100.0,0.004239079576837889
4200.0,0.004330438552530157
4300.0,0.004421430616723199
4400.0,0.0045119152092139075
4500.0,0.004601904407767795
4600.0,0.004691317931487982
4700.0,0.004780109308349118
4800.0,0.004868254650146668
4900.0,0.004955619748368133
5000.0,0.005042215110833873
5100.0,0.005127933392644828
5200.0,0.005212731246712906
5300.0,0.005296538197913931
5400.0,0.005379270024545024
5500.0,0.005460848935377842
5600.0,0.0055412005974613855
5700.0,0.005620238794188533
5800.0,0.005697873180870173
5900.0,0.005774017728730476
6000.0,0.005848575422887556
6100.0,0.0059214581005727
6200.0,0.005992575256291551
6300.0,0.006061844593222427
6400.0,0.0061291842399640115
6500.0,0.006194511630316267
6600.0,0.006257750135177919
6700.0,0.006318827489906918
6800.0,0.0063776813947791
6900.0,0.006434242997125986
7000.0,0.006488456929034188
7100.0,0.006540267938478397
7200.0,0.006589638470491659
7300.0,0.006636531888473168
7400.0,0.006680915961311243
7500.0,0.006722780080952754
7600.0,0.006762123856655394
7700.0,0.006798955984098735
7800.0,0.006833302414566433
7900.0,0.006865198518661452
8000.0,0.006894699428941897
8100.0,0.0069218702891185695
8200.0,0.006946783669849252
8300.0,0.006969528265525886
8400.0,0.006990198027676485
8500.0,0.007008891613553849
8600.0,0.007025718414957992
8700.0,0.00704078885170413
8800.0,0.007054219327274663
8900.0,0.0070661266839309
9000.0,0.007076630634718645
9100.0,0.007085849272394355
9200.0,0.007093898759692786
9300.0,0.007100892685909416
9400.0,0.007106939868676019
9500.0,0.007112143587549633
9600.0,0.007116601326745004
9700.0,0.007120403375856954
9800.0,0.007123632949206313
9900.0,0.007126365488011375
10000.0,0.0071286690963581305
10100.0,0.007130604442530238
10200.0,0.007132225142490637
10300.0,0.007133578303870367
10400.0,0.007134704953518338
10500.0,0.00713564061728874
10600.0,0.007136415864790167
10700.0,0.0071370568379121434
10800.0,0.007137585796590763
10900.0,0.007138021573007399
11000.0,0.007138380049679144
11100.0,0.007138674547126779
11200.0,0.007138916207514946
11300.0,0.007139114311719037
11400.0,0.007139276563275989
11500.0,0.007139409352439641
11600.0,0.007139517954079075
11700.0,0.0071396067211521655
11800.0,0.007139679242538304
11900.0,0.007139738460081932
12000.0,0.007139786799514857
0.0,0.0
100.0,0.0009938874175181567
200.0,0.0011614877427893987
300.0,0.0012742794342453067
400.0,0.0013791264431963404
500.0,0.001480135283136507
600.0,0.0015782545508990322
700.0,0.0016741632199326509
800.0,0.0017684286842887251
900.0,0.0018614621076507984
1000.0,0.0019536261446602646
1100.0,0.002045146386855053
1200.0,0.0021363691009126033
1300.0,0.0022273788389810963
1400.0,0.002318284489154157
1500.0,0.0024093288586697842
1600.0,0.0025005077769074176
1700.0,0.0025918598923491054
1800.0,0.0026834241243826294
1900.0,0.002775283034594171
2000.0,0.0028674323118023544
2100.0,0.002959752448766075
2200.0,0.0030524025105936807
2300.0,0.0031452164127048396
2400.0,0.0032382855974759225
2500.0,0.0033314990790189454
2600.0,0.003424851181799319
2700.0,0.00351828306391983
2800.0,0.003611761626643551
2900.0,0.003705249485369711
3000.0,0.003798608182063557
3100.0,0.0038919006408770717
3200.0,0.0039850480365638315
3300.0,0.004077931571236028
3400.0,0.00417057610180924
3500.0,0.0042628917050663555
3600.0,0.004354746833804614
3700.0,0.004446161049731312
3800.0,0.0045370577458506865
3900.0,0.004627392034625531
4000.0,0.004717035277749756
4100.0,0.004805979690319627
4200.0,0.004894128770124231
4300.0,0.004981506315447918
4400.0,0.0050679017997443
4500.0,0.005153356948524537
4600.0,0.005237758776299324
4700.0,0.005321048333758982
4800.0,0.0054032003340747075
4900.0,0.0054840179575293075
5000.0,0.0055635310755505355
5100.0,0.005641589916520846
5200.0,0.005718145497388147
5300.0,0.005793111405855043
5400.0,0.00586638713000043
5500.0,0.0059378877734968475
5600.0,0.006007539559213731
5700.0,0.006075258810129327
5800.0,0.006140963790685079
5900.0,0.006204585491492968
6000.0,0.006266048039460819
6100.0,0.006325293900987806
6200.0,0.0063822694016518276
6300.0,0.006436937123127031
6400.0,0.006489265824324315
6500.0,0.006539229262328043
6600.0,0.006586813023350112
6700.0,0.006632011829079755
6800.0,0.006674834343270075
6900.0,0.006715285446480712
7000.0,0.006753385724377809
7100.0,0.0067891572876676385
7200.0,0.006822639351922341
7300.0,0.006853871297961428
7400.0,0.006882895309495534
7500.0,0.006909770702368239
7600.0,0.006934562238563687
7700.0,0.006957338708648288
7800.0,0.006978179075262581
7900.0,0.006997165449054384
8000.0,0.007014391048459257
8100.0,0.007029951936064909
8200.0,0.007043945063002783
8300.0,0.007056474567463932
8400.0,0.0070676432220061584
8500.0,0.007077551967599475
8600.0,0.0070863039884658105
8700.0,0.007093997642365177
8800.0,0.0071007300238649365
8900.0,0.007106593353608541
9000.0,0.0071116768676158775
9100.0,0.007116064295233936
9200.0,0.0071198341607597035
9300.0,0.007123059775225285
9400.0,0.007125808437155712
9500.0,0.007128141491285566
9600.0,0.007130114606404838
9700.0,0.007131777539532629
9800.0,0.0071331746099484285
9900.0,0.007134344804583212
10000.0,0.00713532231029079
10100.0,0.007136136808494887
10200.0,0.00713681392018785
10300.0,0.007137375653265738
10400.0,0.007137840790413616
10500.0,0.007138225287024662
10600.0,0.00713854264261934
10700.0,0.00713880422131645
10800.0,0.007139019564419377
10900.0,0.0071391966512751375
11000.0,0.007139342137012199
11100.0,0.007139461557497198
11200.0,0.0071395595091790515
11300.0,0.007139639795562099
11400.0,0.007139705560732347
11500.0,0.007139759404052084
11600.0,0.007139803463747937
11700.0,0.007139839501599991
11800.0,0.007139868967693638
11900.0,0.007139893049595416
12000.0,0.007139912726971053
