0.000000000000000000e+00
0.000000000000000000e+00
0.000000000000000000e+00
0.000000000000000000e+00
0.000000000000000000e+00
5.422485818445893849e-04
5.868267830942418316e-04
6.399514501230640787e-04
6.709692811159387879e-04
9.938874175181567055e-04
6.291988000278613165e-04
6.805029630401965637e-04
7.447942866345640773e-04
7.997145447075067280e-04
1.161487742789398675e-03
6.989965230006943073e-04
7.536861292134225615e-04
8.246054889805004692e-04
8.929943579267798307e-04
1.274279434245306720e-03
7.652540846507713528e-04
8.225522010897792086e-04
8.997537690960727332e-04
9.809523786809778469e-04
1.379126443196340354e-03
8.303100562095393124e-04
8.897152902364192234e-04
9.730603597744134784e-04
1.066753452542750598e-03
1.480135283136506906e-03
8.946907098319986954e-04
9.558092328550297015e-04
1.045194208462483761e-03
1.151095359971149659e-03
1.578254550899032193e-03
9.587221519086474046e-04
1.021233496877673418e-03
1.116571789044119335e-03
1.234418411790388177e-03
1.674163219932650864e-03
1.022663393048786054e-03
1.086306704739966678e-03
1.187531132123421278e-03
1.317092288735649715e-03
1.768428684288725133e-03
1.086715017267758871e-03
1.151279534132262569e-03
1.258335211397371579e-03
1.399398114947317338e-03
1.861462107650798357e-03
1.151036115741856016e-03
1.216357048452308296e-03
1.329204477010279212e-03
1.481579485905236198e-03
1.953626144660264644e-03
1.215737758982142697e-03
1.281690652821116001e-03
1.400298336616433636e-03
1.563801943646433643e-03
2.045146386855053056e-03
1.280921299395416414e-03
1.347424567657798432e-03
1.471789513768758046e-03
1.646278607782077855e-03
2.136369100912603302e-03
1.346634563761800029e-03
1.413638563518989765e-03
1.543763411331765169e-03
1.729086381589671874e-03
2.227378838981096312e-03
1.412913496266288496e-03
1.480399131991081340e-03
1.616298573664315440e-03
1.812303636122459746e-03
2.318284489154157166e-03
1.479802876941699492e-03
1.547785360782971513e-03
1.689501815801709326e-03
1.896066710040677150e-03
2.409328858669784225e-03
1.547311029484518992e-03
1.615828311195169169e-03
1.763403186765110948e-03
1.980385313620926409e-03
2.500507776907417642e-03
1.615455684767162043e-03
1.684565099193381654e-03
1.838040843594478764e-03
2.065286847025055508e-03
2.591859892349105375e-03
1.684260076485839504e-03
1.754032579936624535e-03
1.913450499451802315e-03
2.150796983882241262e-03
2.683424124382629422e-03
1.753757054084099281e-03
1.824274247379193813e-03
1.989679273831065302e-03
2.236962419317080515e-03
2.775283034594171194e-03
1.823965355595238242e-03
1.895313172465374913e-03
2.066746094575449416e-03
2.323784452166310216e-03
2.867432311802354389e-03
1.894880660217344382e-03
1.967143696319623679e-03
2.144631075172175484e-03
2.411201894842873381e-03
2.959752448766075038e-03
1.966535302877022232e-03
2.039808650170670066e-03
2.223395440156668030e-03
2.499291627554097502e-03
3.052402510593680684e-03
2.038906595296666614e-03
2.113282962000462978e-03
2.302996747280301737e-03
2.587959233225774116e-03
3.145216412704839645e-03
2.112011531268403412e-03
2.187592499448312057e-03
2.383470053569438762e-03
2.677239254874381243e-03
3.238285597475922505e-03
2.185834821160438472e-03
2.262721773567929421e-03
2.464783263224037957e-03
2.767057394072962046e-03
3.331499079018945386e-03
2.260380836104999239e-03
2.338677946352944736e-03
2.546934459640411933e-03
2.857391576487179966e-03
3.424851181799319112e-03
2.335646789370403060e-03
2.415456420731447798e-03
2.629899985133030485e-03
2.948189597720463333e-03
3.518283063919830020e-03
2.411636190006808452e-03
2.493056915062440322e-03
2.713660005941905071e-03
3.039411530825554628e-03
3.611761626643551076e-03
2.488352850205237908e-03
2.571475772931598649e-03
2.798188342992405375e-03
3.131014298787796694e-03
3.705249485369710872e-03
2.565782426422375667e-03
2.650682991237668460e-03
2.883419596313370123e-03
3.222899312310041533e-03
3.798608182063557132e-03
2.643946423885298273e-03
2.730690061743799770e-03
2.969351675279667101e-03
3.315075523251404237e-03
3.891900640877071684e-03
2.722838855319402538e-03
2.811472002034316481e-03
3.055930287504951375e-03
3.407475047828594471e-03
3.985048036563831539e-03
2.802443740663633238e-03
2.892990494701835284e-03
3.143084162848852874e-03
3.500007441510936176e-03
4.077931571236028015e-03
2.882768038410774957e-03
2.975237197112621298e-03
3.230788931936448647e-03
3.592660778297025476e-03
4.170576101809240349e-03
2.963792106729964959e-03
3.058173755029214898e-03
3.318979314964014618e-03
3.685360829574666711e-03
4.262891705066355549e-03
3.045481659544930012e-03
3.141749017504825384e-03
3.407573948098119657e-03
3.778010203626639037e-03
4.354746833804614380e-03
3.127826398548347753e-03
3.225947793957968223e-03
3.496545227894483441e-03
3.870596506883855221e-03
4.446161049731311640e-03
3.210790530417805422e-03
3.310730281004046864e-03
3.585831544048746419e-03
3.963054659217081672e-03
4.537057745850686490e-03
3.294339934508855143e-03
3.396065199139109911e-03
3.675384167305305750e-03
4.055338751917657823e-03
4.627392034625530878e-03
3.378416700339271356e-03
3.481898211915302778e-03
3.765122791624506051e-03
4.147354910582000224e-03
4.717035277749755985e-03
3.462984780782731118e-03
3.568206658872689462e-03
3.855012845519322200e-03
4.239079576837888851e-03
4.805979690319627136e-03
3.547984474062828176e-03
3.654942588486509956e-03
3.944985804930813654e-03
4.330438552530156866e-03
4.894128770124231073e-03
3.633382179183317160e-03
3.742091794604914326e-03
4.035021477307594237e-03
4.421430616723199050e-03
4.981506315447917915e-03
3.719086694843037194e-03
3.829570202130540627e-03
4.125005152678911345e-03
4.511915209213907506e-03
5.067901799744299954e-03
3.805069135677808731e-03
3.917367348812447400e-03
4.214925191395734773e-03
4.601904407767794768e-03
5.153356948524537122e-03
3.891264201480146550e-03
4.005424920405820620e-03
4.304706867587606949e-03
4.691317931487981770e-03
5.237758776299323779e-03
3.977624595371926156e-03
4.093700597112209967e-03
4.394299238650277439e-03
4.780109308349118208e-03
5.321048333758982354e-03
4.064117418578871120e-03
4.182162324397304710e-03
4.483667474058792429e-03
4.868254650146668083e-03
5.403200334074707498e-03
4.150666932342063700e-03
4.270718185819880053e-03
4.572699421044833061e-03
4.955619748368132738e-03
5.484017957529307465e-03
4.237266528268439358e-03
4.359351020568318774e-03
4.661384904510540439e-03
5.042215110833873394e-03
5.563531075550535478e-03
4.323861047286411789e-03
4.447977445792195353e-03
4.749629024813898336e-03
5.127933392644828427e-03
5.641589916520846001e-03
4.410428278479572826e-03
4.536547314210299421e-03
4.837382843608140255e-03
5.212731246712906143e-03
5.718145497388147161e-03
4.496935014678075243e-03
4.624993244483992065e-03
4.924577239412222113e-03
5.296538197913930844e-03
5.793111405855043243e-03
4.583341639509191587e-03
4.713238823948434457e-03
5.011133286927418537e-03
5.379270024545024231e-03
5.866387130000430376e-03
4.669609797061208614e-03
4.801210111445317584e-03
5.096977044121679332e-03
5.460848935377841940e-03
5.937887773496847502e-03
4.755699903756158836e-03
4.888834672725549634e-03
5.182037986042742697e-03
5.541200597461385519e-03
6.007539559213730986e-03
4.841561918006712616e-03
4.976031995585517356e-03
5.266236985989910906e-03
5.620238794188533137e-03
6.075258810129327385e-03
4.927137586112535078e-03
5.062717160221490154e-03
5.349491474211398069e-03
5.697873180870173006e-03
6.140963790685079193e-03
5.012363935771111355e-03
5.148805391712352013e-03
5.431721460951346135e-03
5.774017728730476348e-03
6.204585491492968161e-03
5.097163545128767688e-03
5.234200760318429360e-03
5.512836104246436261e-03
5.848575422887555657e-03
6.266048039460818918e-03
5.181455681455708444e-03
5.318808719782646202e-03
5.592749062831275063e-03
5.921458100572699577e-03
6.325293900987806126e-03
5.265150074655450783e-03
5.402528125669748237e-03
5.671368688376179391e-03
5.992575256291551335e-03
6.382269401651827559e-03
5.348154415575331021e-03
5.485258825047770355e-03
5.748606605479117219e-03
6.061844593222427170e-03
6.436937123127031354e-03
5.430370490187706733e-03
5.566896284047985650e-03
5.824371001422957300e-03
6.129184239964011530e-03
6.489265824324314674e-03
5.511693772701519757e-03
5.647330484751095919e-03
5.898565192080089392e-03
6.194511630316266830e-03
6.539229262328042670e-03
5.592018230767245406e-03
5.726451090547698269e-03
5.971093439733074840e-03
6.257750135177918629e-03
6.586813023350112165e-03
5.671235219576529867e-03
5.804146246241378461e-03
6.041859587471914983e-03
6.318827489906917935e-03
6.632011829079754658e-03
5.749237658610169797e-03
5.880307455175931217e-03
6.110772547399718861e-03
6.377681394779099663e-03
6.674834343270074841e-03
5.825905487165684675e-03
5.954814184474860848e-03
6.177730026639011510e-03
6.434242997125985686e-03
6.715285446480712302e-03
5.901121702563985778e-03
6.027551666386367010e-03
6.242638286454243145e-03
6.488456929034188206e-03
6.753385724377809242e-03
5.974759868704229704e-03
6.098397715304242246e-03
6.305398530494722188e-03
6.540267938478397207e-03
6.789157287667638499e-03
6.046700808731902098e-03
6.167240907476260851e-03
6.365926079451440268e-03
6.589638470491658746e-03
6.822639351922341229e-03
6.116816257829222128e-03
6.233963480946448817e-03
6.424132837007440720e-03
6.636531888473167634e-03
6.853871297961428195e-03
6.184971263930625664e-03
6.298444592994135831e-03
6.479931117847705958e-03
6.680915961311243226e-03
6.882895309495534221e-03
6.251043860624099294e-03
6.360581130387854727e-03
6.533254057395334637e-03
6.722780080952754297e-03
6.909770702368239065e-03
6.314914390398166516e-03
6.420276470586804701e-03
6.584043860602509755e-03
6.762123856655394283e-03
6.934562238563687052e-03
6.376464899931131441e-03
6.477439724861484838e-03
6.632250857509029186e-03
6.798955984098735417e-03
6.957338708648288031e-03
6.435591060926702106e-03
6.531997280702167563e-03
6.677844022958861862e-03
6.833302414566432698e-03
6.978179075262581042e-03
6.492194225032740448e-03
6.583883807544650517e-03
6.720802005076993192e-03
6.865198518661451768e-03
6.997165449054383590e-03
6.546197887567257664e-03
6.633057607648057234e-03
6.761126615338551062e-03
6.894699428941897419e-03
7.014391048459256602e-03
6.597537649415471592e-03
6.679489303778539042e-03
6.798831538317130427e-03
6.921870289118569469e-03
7.029951936064909174e-03
6.646159617011064211e-03
6.723159405073247767e-03
6.833939625843267647e-03
6.946783669849252232e-03
7.043945063002782919e-03
6.692036736850773271e-03
6.764073708492673170e-03
6.866495561141942178e-03
6.969528265525886009e-03
7.056474567463931827e-03
6.735154717317609965e-03
6.802249199267614357e-03
6.896552840763364549e-03
6.990198027676484786e-03
7.067643222006158438e-03
6.775512393244469134e-03
6.837714796067212962e-03
6.924174271407454624e-03
7.008891613553848952e-03
7.077551967599475004e-03
6.813133689283102680e-03
6.870522821451556517e-03
6.949441253946096568e-03
7.025718414957991820e-03
7.086303988465810465e-03
6.848052104834973473e-03
6.900734478506730281e-03
6.972441572618366147e-03
7.040788851704130047e-03
7.093997642365176999e-03
6.880321027711407827e-03
6.928429205355662868e-03
6.993276788900806319e-03
7.054219327274662693e-03
7.100730023864936478e-03
6.910004622415277277e-03
6.953696014658897022e-03
7.012054981067669147e-03
7.066126683930899592e-03
7.106593353608541344e-03
6.937184549036180120e-03
6.976638915913923114e-03
7.028894455509879756e-03
7.076630634718645251e-03
7.111676867615877515e-03
6.961952212025486128e-03
6.997369680690815157e-03
7.043917630500098545e-03
7.085849272394355303e-03
7.116064295233936327e-03
6.984409135709450205e-03
7.016007914918583922e-03
7.057250689796344331e-03
7.093898759692785633e-03
7.119834160759703524e-03
7.004667106036144286e-03
7.032680729724703761e-03
7.069022809598302787e-03
7.100892685909416212e-03
7.123059775225285169e-03
7.022844020661141509e-03
7.047518826157594604e-03
7.079362928815215346e-03
7.106939868676018755e-03
7.125808437155711772e-03
7.039062951237243064e-03
7.060655124536800893e-03
7.088398446525477278e-03
7.112143587549632669e-03
7.128141491285566213e-03
7.053452265565812382e-03
7.072224069308285892e-03
7.096254444152359613e-03
7.116601326745003626e-03
7.130114606404837699e-03
7.066142400951959217e-03
7.082358268841975127e-03
7.103051075811370185e-03
7.120403375856954042e-03
7.131777539532629245e-03
7.077266158393605115e-03
7.091188009256614577e-03
7.108903025719462768e-03
7.123632949206312910e-03
7.133174609948428509e-03
7.086956140677647641e-03
7.098838909213104655e-03
7.113917746523632825e-03
7.126365488011375190e-03
7.134344804583211616e-03
7.095344779633462780e-03
7.105431874663983328e-03
7.118195384045190519e-03
7.128669096358130480e-03
7.135322310290789956e-03
7.102562102330337544e-03
7.111081750592432825e-03
7.121827954152670781e-03
7.130604442530237737e-03
7.136136808494886880e-03
7.108734301996602438e-03
7.115896834602271001e-03
7.124899289690977446e-03
7.132225142490637194e-03
7.136813920187850060e-03
7.113982448771608881e-03
7.119978598136877598e-03
7.127485282504029095e-03
7.133578303870367031e-03
7.137375653265738001e-03
7.118420687610068145e-03
7.123421020504357333e-03
7.129653975381684827e-03
7.134704953518337597e-03
7.137840790413615966e-03
7.122155094904999463e-03
7.126310285326429433e-03
7.131465935787641847e-03
7.135640617288739607e-03
7.138225287024661629e-03
7.125282715129677841e-03
7.128724492142762652e-03
7.132974628592847303e-03
7.136415864790166680e-03
7.138542642619340010e-03
7.127891060407840970e-03
7.130733564428641189e-03
7.134226849518924413e-03
7.137056837912143445e-03
7.138804221316449872e-03
7.130058080241731544e-03
7.132399429591313247e-03
7.135263264955248041e-03
7.137585796590763081e-03
7.139019564419376608e-03
7.131852300116885493e-03
7.133776259346970641e-03
7.136118893149529484e-03
7.138021573007398944e-03
7.139196651275137549e-03
7.133333392159863992e-03
7.134911010919241063e-03
7.136823708962175897e-03
7.138380049679144204e-03
7.139342137012199239e-03
7.134552764201901147e-03
7.135843962624129934e-03
7.137403165139452089e-03
7.138674547126779013e-03
7.139461557497198303e-03
7.135554360694456623e-03
7.136609402974235933e-03
7.137878762846170191e-03
7.138916207514945690e-03
7.139559509179051536e-03
7.136375450594024256e-03
7.137236295453760343e-03
7.138268556501218068e-03
7.139114311719037091e-03
7.139639795562099413e-03
7.137047408907728520e-03
7.137748935173547291e-03
7.138587624474971791e-03
7.139276563275989175e-03
7.139705560732347370e-03
7.137596532624586321e-03
7.138167619921778791e-03
7.138848528874966980e-03
7.139409352439641046e-03
7.139759404052084188e-03
7.138044719319382343e-03
7.138509200947871537e-03
7.139061676873462159e-03
7.139517954079075031e-03
7.139803463747936875e-03
7.138410139929820750e-03
7.138787626615726925e-03
7.139235674637355381e-03
7.139606721152165492e-03
7.139839501599990965e-03
7.138707827687295650e-03
7.139014412862363171e-03
7.139377626138145375e-03
7.139679242538304015e-03
7.139868967693637630e-03
7.138950147910804074e-03
7.139199012800948388e-03
7.139493361615465231e-03
7.139738460081932261e-03
7.139893049595415903e-03
7.139147287255728086e-03
7.139349204914661323e-03
7.139587684519803877e-03
7.139786799514856626e-03
7.139912726971052795e-03
