0.0
46.455
92.91
139.365
185.82
232.275
278.73
325.185
371.64
418.095
464.55
511.005
557.46
603.9150000000001
650.37
696.825
743.28
789.735
836.19
882.645
929.1
975.5550000000001
1022.01
1068.4650000000001
1114.92
1161.375
1207.8300000000002
1254.285
1300.74
1347.1950000000002
1393.65
1440.105
1486.56
1533.015
1579.47
1625.925
1672.38
1718.835
1765.29
1811.7450000000001
1858.2
1904.655
1951.1100000000001
1997.565
2044.02
2090.475
2136.9300000000003
2183.385
2229.84
2276.295
2322.75
2369.205
2415.6600000000003
2462.1150000000002
2508.57
2555.025
2601.48
2647.935
2694.3900000000003
2740.8450000000003
2787.3
2833.755
2880.21
2926.665
2973.12
3019.5750000000003
3066.03
3112.485
3158.94
3205.395
3251.85
3298.3050000000003
3344.76
3391.215
3437.67
3484.125
3530.58
3577.0350000000003
3623.4900000000002
3669.945
3716.4
3762.855
3809.31
3855.7650000000003
3902.2200000000003
3948.675
4041.585
4134.495
4227.405
4320.3150000000005
4413.225
4506.135
4599.045
4691.955
4784.865
4877.775000000001
4970.685
5063.595
5156.505
5249.415
5342.325
5435.235000000001
5528.145
5621.055
5713.965
5806.875
5899.785
5992.695000000001
6085.6050000000005
6178.515
6271.425
6364.335
6457.245
6550.155000000001
6643.0650000000005
6735.975
6828.885
6921.795
7014.705
7107.615000000001
7200.525000000001
7293.435
7386.345
7479.255
7572.165
7665.075000000001
7757.985000000001
7850.895
7943.805
8036.715
8129.625
8222.535
8315.445
8408.355
8501.265000000001
8594.175000000001
8687.085000000001
8779.995
8872.905
8965.815
9058.725
9151.635
9244.545
9337.455
9430.365
9523.275
9616.185
9709.095000000001
9802.005000000001
9894.915
9987.825
10080.735
10173.645
10266.555
10359.465
10452.375
10545.285
10638.195
10731.105
10824.015000000001
10916.925000000001
